store_number,county_number,category,vendor_number,item_number,pack,bottle_volume_ml,state_bottle_cost,state_bottle_retail,bottles_sold,sale_dollars,volume_sold_liters,volume_sold_gallons
3524,85,1901200,421,946574,6,1750,9.06,13.59,288,3913.92,504.0,133.14
2591,15,1081500,434,86507,12,1000,3.84,5.76,4,23.04,4.0,1.06
4136,77,1091100,154,77805,12,750,8.0,12.0,108,1296.0,81.0,21.39
2587,77,1031100,421,38089,48,100,0.89,1.34,48,64.32,4.8,1.27
13126,192,3214300,855,183184,42,2950,39.12,58.690000000000005,33,394.65,16.05,4.23
2665,25,1701100,192,3135,12,750,12.05,18.08,84,1518.72,63.0,16.64
5146,77,1081100,370,67526,12,750,12.49,18.74,72,1349.28,54.0,14.26
2619,77,1701100,370,250,6,750,24.98,37.47,90,3372.3,67.5,17.83
22031,385,5318240,1792,325983,84,3050,29.029999999999998,43.55,348,2767.8,292.2,77.19
4057,77,1052100,420,48099,24,200,5.74,8.61,48,413.28,9.6,2.54
2636,77,1051140,115,56193,24,200,1.96,2.94,24,70.56,4.8,1.27
7899,231,3185600,1042,1977691,30,2750,33.26,49.900000000000006,258,4124.04,241.5,63.79
4971,77,1062100,35,43040,6,1750,15.0,22.5,102,2295.0,178.5,47.15
5030,34,2182600,692,1073688,14,800,18.75,28.130000000000003,66,900.24,15.9,4.19
4559,66,1031100,297,35918,6,1750,7.2,10.8,30,324.0,52.5,13.87
2562,94,1031100,301,38176,12,750,9.65,14.48,108,1563.84,81.0,21.4
2576,11,1081340,380,84617,12,1000,5.5,8.25,4,33.0,4.0,1.06
4156,33,1091300,346,86739,8,300,8.75,13.13,8,105.04,2.4,0.63
10629,21,3205700,135,172177,48,1425,12.370000000000001,18.560000000000002,13,87.49000000000001,4.82,1.26
6032,14,2982900,680,995401,15,1750,34.43,51.650000000000006,786,6007.2,781.5,206.45
15318,28,4846400,775,129181,78,1525,19.35,29.029999999999998,229,2262.15,144.97,38.29
4153,7,1012300,370,15626,12,750,14.99,22.49,60,1349.4,45.0,11.89
4291,88,1062100,35,43037,12,1000,9.5,14.25,5,71.25,5.0,1.32
10341,291,3243600,1225,221364,36,2750,22.46,33.7,468,6641.040000000001,447.0,118.08
3705,60,1081350,434,82187,12,1000,5.0,7.5,5,37.5,5.0,1.32
5446,84,1081500,65,86112,12,1000,2.33,3.5,6,21.0,6.0,1.58
2522,30,1092100,421,77487,12,1000,4.51,6.77,48,324.96,48.0,12.68
9344,42,3115000,534,103937,30,2250,34.580000000000005,51.870000000000005,34,769.98,23.5,6.2
15783,312,4306080,894,277930,58,2475,20.39,30.590000000000003,61,293.48,53.82,14.21
4152,43,1062100,434,45247,12,1000,4.42,6.63,2,13.26,2.0,0.52
4167,31,1081100,65,67557,12,1000,8.39,12.59,4,50.36,4.0,1.06
2465,31,1062100,35,43031,12,500,5.54,8.31,5,41.55,2.5,0.66
5244,45,1031000,297,35917,12,1000,4.17,6.26,2,75.12,2.0,0.52
2178,3,1081100,370,67524,24,375,6.49,9.74,1,9.74,0.37,0.09
5024,104,2093000,689,113353,18,1750,20.509999999999998,30.77,78,706.3199999999999,73.5,19.419999999999998
6539,104,2154200,388,108784,36,1375,11.5,17.25,49,510.75,48.37,12.77
10204,114,2173800,868,150174,24,2000,9.92,14.879999999999999,1560,11620.8,1560.0,412.1
9001,52,1012210,125,27357,6,750,27.5,41.25,90,3712.5,67.5,17.83
6228,114,2143600,489,131636,24,1750,6.13,9.2,223,733.2,221.25,58.440000000000005
2647,57,1091200,434,41846,12,750,9.0,13.5,36,486.0,27.0,7.13
2601,51,1081500,434,86251,12,1000,2.42,3.63,6,21.78,6.0,1.58
10102,58,2083200,717,84012,72,400,6.87,10.309999999999999,72,288.24,14.399999999999999,3.81
3549,56,1081100,421,67586,12,750,5.72,8.58,36,237.24,27.0,7.13
2616,23,1062100,434,45248,6,1750,7.84,11.76,24,282.24,42.0,11.1
3162,70,1081330,65,82847,12,1000,7.62,11.43,4,45.72,4.0,1.06
4962,82,1091200,434,41844,24,375,4.2,6.3,3,18.9,1.12,0.29
5003,82,1092100,370,48690,24,200,5.99,8.99,2,17.98,0.4,0.11
